{
"1":[
    [
        0.0,
        1.0,
        0.0,
        0.0
    ],
    [
        0.0,
        0.0,
        1.0,
        0.0
    ],
    [
        1.0,
        0.0,
        0.0,
        -5.0
    ],
    [
        0.0,
        0.0,
        0.0,
        1.0
    ]
],
"2":[
    [
        -0.0634239196565645,
        0.9979866764718844,
        0.0,
        0.0
    ],
    [
        0.0,
        0.0,
        1.0000000000000002,
        0.0
    ],
    [
        0.9979866764718844,
        0.0634239196565645,
        0.0,
        -5.000000000000001
    ],
    [
        0.0,
        0.0,
        0.0,
        1.0
    ]
],
"3":[
    [
        -0.12659245357374926,
        0.9919548128307953,
        0.0,
        0.0
    ],
    [
        0.0,
        0.0,
        1.0,
        0.0
    ],
    [
        0.9919548128307953,
        0.12659245357374926,
        0.0,
        -5.0
    ],
    [
        0.0,
        0.0,
        0.0,
        1.0
    ]
],
"4":[
    [
        -0.18925124436041021,
        0.9819286972627067,
        0.0,
        0.0
    ],
    [
        0.0,
        0.0,
        1.0,
        0.0
    ],
    [
        0.9819286972627067,
        0.18925124436041021,
        0.0,
        -5.0
    ],
    [
        0.0,
        0.0,
        0.0,
        1.0
    ]
],
"5":[
    [
        -0.2511479871810792,
        0.9679487013963562,
        0.0,
        2.220446049250313e-16
    ],
    [
        0.0,
        0.0,
        1.0,
        0.0
    ],
    [
        0.9679487013963562,
        0.2511479871810792,
        0.0,
        -5.0
    ],
    [
        0.0,
        0.0,
        0.0,
        1.0
    ]
],
"6":[
    [
        -0.3120334456984871,
        0.9500711177409454,
        0.0,
        2.220446049250313e-16
    ],
    [
        0.0,
        0.0,
        1.0,
        0.0
    ],
    [
        0.9500711177409453,
        0.31203344569848707,
        0.0,
        -5.0
    ],
    [
        0.0,
        0.0,
        0.0,
        1.0
    ]
],
"7":[
    [
        -0.3716624556603276,
        0.9283679330160727,
        0.0,
        0.0
    ],
    [
        0.0,
        0.0,
        1.0,
        0.0
    ],
    [
        0.9283679330160727,
        0.3716624556603276,
        0.0,
        -5.000000000000001
    ],
    [
        0.0,
        0.0,
        0.0,
        1.0
    ]
],
"8":[
    [
        -0.4297949120891717,
        0.9029265382866213,
        0.0,
        2.220446049250313e-16
    ],
    [
        0.0,
        0.0,
        1.0,
        0.0
    ],
    [
        0.9029265382866212,
        0.42979491208917164,
        0.0,
        -5.0
    ],
    [
        0.0,
        0.0,
        0.0,
        1.0
    ]
],
"9":[
    [
        -0.4861967361004688,
        0.8738493770697849,
        0.0,
        0.0
    ],
    [
        0.0,
        0.0,
        1.0,
        0.0
    ],
    [
        0.8738493770697848,
        0.48619673610046876,
        0.0,
        -5.0
    ],
    [
        0.0,
        0.0,
        0.0,
        1.0
    ]
],
"10":[
    [
        -0.5406408174555976,
        0.8412535328311812,
        0.0,
        0.0
    ],
    [
        0.0,
        0.0,
        1.0,
        0.0
    ],
    [
        0.8412535328311812,
        0.5406408174555976,
        0.0,
        -5.0
    ],
    [
        0.0,
        0.0,
        0.0,
        1.0
    ]
],
"11":[
    [
        -0.5929079290546404,
        0.8052702575310586,
        0.0,
        0.0
    ],
    [
        0.0,
        0.0,
        1.0,
        0.0
    ],
    [
        0.8052702575310586,
        0.5929079290546404,
        0.0,
        -5.0
    ],
    [
        0.0,
        0.0,
        0.0,
        1.0
    ]
],
"12":[
    [
        -0.6427876096865394,
        0.7660444431189781,
        0.0,
        0.0
    ],
    [
        0.0,
        0.0,
        1.0,
        0.0
    ],
    [
        0.766044443118978,
        0.6427876096865393,
        0.0,
        -4.999999999999999
    ],
    [
        0.0,
        0.0,
        0.0,
        1.0
    ]
],
"13":[
    [
        -0.690079011482112,
        0.7237340381050701,
        0.0,
        0.0
    ],
    [
        0.0,
        0.0,
        1.0,
        0.0
    ],
    [
        0.7237340381050701,
        0.690079011482112,
        0.0,
        -5.0
    ],
    [
        0.0,
        0.0,
        0.0,
        1.0
    ]
],
"14":[
    [
        -0.7345917086575333,
        0.6785094115571322,
        0.0,
        0.0
    ],
    [
        0.0,
        0.0,
        0.9999999999999999,
        0.0
    ],
    [
        0.6785094115571321,
        0.7345917086575332,
        0.0,
        -5.0
    ],
    [
        0.0,
        0.0,
        0.0,
        1.0
    ]
],
"15":[
    [
        -0.7761464642917568,
        0.6305526670845225,
        0.0,
        0.0
    ],
    [
        0.0,
        0.0,
        1.0,
        0.0
    ],
    [
        0.6305526670845225,
        0.7761464642917568,
        0.0,
        -5.0
    ],
    [
        0.0,
        0.0,
        0.0,
        1.0
    ]
],
"16":[
    [
        -0.8145759520503357,
        0.5800569095711982,
        0.0,
        0.0
    ],
    [
        0.0,
        0.0,
        1.0,
        0.0
    ],
    [
        0.5800569095711982,
        0.8145759520503357,
        0.0,
        -5.0
    ],
    [
        0.0,
        0.0,
        0.0,
        1.0
    ]
],
"17":[
    [
        -0.8497254299495144,
        0.5272254676105025,
        0.0,
        -4.440892098500626e-16
    ],
    [
        0.0,
        0.0,
        1.0,
        0.0
    ],
    [
        0.5272254676105024,
        0.8497254299495143,
        0.0,
        -4.999999999999999
    ],
    [
        0.0,
        0.0,
        0.0,
        1.0
    ]
],
"18":[
    [
        -0.8814533634475821,
        0.4722710747726827,
        0.0,
        4.440892098500626e-16
    ],
    [
        0.0,
        0.0,
        1.0,
        0.0
    ],
    [
        0.4722710747726827,
        0.8814533634475821,
        0.0,
        -5.0
    ],
    [
        0.0,
        0.0,
        0.0,
        1.0
    ]
],
"19":[
    [
        -0.9096319953545183,
        0.41541501300188644,
        0.0,
        2.220446049250313e-16
    ],
    [
        0.0,
        0.0,
        1.0,
        0.0
    ],
    [
        0.41541501300188644,
        0.9096319953545183,
        0.0,
        -5.0
    ],
    [
        0.0,
        0.0,
        0.0,
        1.0
    ]
],
"20":[
    [
        -0.9341478602651068,
        0.3568862215918719,
        0.0,
        0.0
    ],
    [
        0.0,
        0.0,
        1.0,
        0.0
    ],
    [
        0.3568862215918719,
        0.9341478602651068,
        0.0,
        -5.0
    ],
    [
        0.0,
        0.0,
        0.0,
        1.0
    ]
],
"21":[
    [
        -0.9549022414440739,
        0.2969203753282749,
        0.0,
        0.0
    ],
    [
        0.0,
        0.0,
        1.0,
        0.0
    ],
    [
        0.2969203753282749,
        0.9549022414440739,
        0.0,
        -5.0
    ],
    [
        0.0,
        0.0,
        0.0,
        1.0
    ]
],
"22":[
    [
        -0.9718115683235418,
        0.23575893550942734,
        0.0,
        0.0
    ],
    [
        0.0,
        0.0,
        1.0000000000000002,
        0.0
    ],
    [
        0.23575893550942734,
        0.9718115683235418,
        0.0,
        -5.0
    ],
    [
        0.0,
        0.0,
        0.0,
        1.0
    ]
],
"23":[
    [
        -0.9848077530122081,
        0.17364817766693044,
        0.0,
        0.0
    ],
    [
        0.0,
        0.0,
        1.0000000000000002,
        0.0
    ],
    [
        0.17364817766693044,
        0.9848077530122081,
        0.0,
        -5.0
    ],
    [
        0.0,
        0.0,
        0.0,
        1.0
    ]
],
"24":[
    [
        -0.9938384644612541,
        0.11083819990101111,
        0.0,
        0.0
    ],
    [
        0.0,
        0.0,
        0.9999999999999999,
        0.0
    ],
    [
        0.1108381999010111,
        0.993838464461254,
        0.0,
        -4.999999999999999
    ],
    [
        0.0,
        0.0,
        0.0,
        1.0
    ]
],
"25":[
    [
        -0.998867339183008,
        0.04758191582374218,
        0.0,
        0.0
    ],
    [
        0.0,
        0.0,
        1.0,
        0.0
    ],
    [
        0.04758191582374218,
        0.998867339183008,
        0.0,
        -5.0
    ],
    [
        0.0,
        0.0,
        0.0,
        1.0
    ]
],
"26":[
    [
        -0.9998741276738751,
        -0.015865963834808032,
        0.0,
        2.7755575615628914e-17
    ],
    [
        0.0,
        0.0,
        0.9999999999999999,
        0.0
    ],
    [
        -0.01586596383480803,
        0.999874127673875,
        0.0,
        -5.0
    ],
    [
        0.0,
        0.0,
        0.0,
        1.0
    ]
],
"27":[
    [
        -0.9968547759519424,
        -0.07924995685678854,
        0.0,
        0.0
    ],
    [
        0.0,
        0.0,
        1.0,
        0.0
    ],
    [
        -0.07924995685678854,
        0.9968547759519424,
        0.0,
        -5.000000000000001
    ],
    [
        0.0,
        0.0,
        0.0,
        1.0
    ]
],
"28":[
    [
        -0.9898214418809328,
        -0.14231483827328525,
        0.0,
        0.0
    ],
    [
        0.0,
        0.0,
        1.0000000000000002,
        0.0
    ],
    [
        -0.14231483827328525,
        0.9898214418809328,
        0.0,
        -5.0
    ],
    [
        0.0,
        0.0,
        0.0,
        1.0
    ]
],
"29":[
    [
        -0.9788024462147787,
        -0.20480666806519074,
        0.0,
        0.0
    ],
    [
        0.0,
        0.0,
        1.0,
        0.0
    ],
    [
        -0.2048066680651907,
        0.9788024462147786,
        0.0,
        -4.999999999999999
    ],
    [
        0.0,
        0.0,
        0.0,
        1.0
    ]
],
"30":[
    [
        -0.9638421585599422,
        -0.2664738136900351,
        0.0,
        2.220446049250313e-16
    ],
    [
        0.0,
        0.0,
        1.0,
        0.0
    ],
    [
        -0.26647381369003503,
        0.963842158559942,
        0.0,
        -5.0
    ],
    [
        0.0,
        0.0,
        0.0,
        1.0
    ]
],
"31":[
    [
        -0.9450008187146686,
        -0.3270679633174217,
        0.0,
        0.0
    ],
    [
        0.0,
        0.0,
        1.0,
        0.0
    ],
    [
        -0.32706796331742166,
        0.9450008187146685,
        0.0,
        -4.999999999999999
    ],
    [
        0.0,
        0.0,
        0.0,
        1.0
    ]
],
"32":[
    [
        -0.9223542941045815,
        -0.38634512569312873,
        0.0,
        0.0
    ],
    [
        0.0,
        0.0,
        1.0,
        0.0
    ],
    [
        -0.3863451256931287,
        0.9223542941045814,
        0.0,
        -5.0
    ],
    [
        0.0,
        0.0,
        0.0,
        1.0
    ]
],
"33":[
    [
        -0.895993774291336,
        -0.4440666126057741,
        0.0,
        0.0
    ],
    [
        0.0,
        0.0,
        1.0000000000000002,
        0.0
    ],
    [
        -0.4440666126057741,
        0.895993774291336,
        0.0,
        -5.000000000000001
    ],
    [
        0.0,
        0.0,
        0.0,
        1.0
    ]
],
"34":[
    [
        -0.8660254037844386,
        -0.5000000000000002,
        0.0,
        0.0
    ],
    [
        0.0,
        0.0,
        1.0,
        0.0
    ],
    [
        -0.5000000000000002,
        0.8660254037844386,
        0.0,
        -5.000000000000001
    ],
    [
        0.0,
        0.0,
        0.0,
        1.0
    ]
],
"35":[
    [
        -0.8325698546347715,
        -0.5539200638661103,
        0.0,
        0.0
    ],
    [
        0.0,
        0.0,
        1.0,
        0.0
    ],
    [
        -0.5539200638661101,
        0.8325698546347713,
        0.0,
        -5.0
    ],
    [
        0.0,
        0.0,
        0.0,
        1.0
    ]
],
"36":[
    [
        -0.795761840530832,
        -0.6056096871376668,
        0.0,
        0.0
    ],
    [
        0.0,
        0.0,
        1.0,
        0.0
    ],
    [
        -0.6056096871376668,
        0.795761840530832,
        0.0,
        -5.0
    ],
    [
        0.0,
        0.0,
        0.0,
        1.0
    ]
],
"37":[
    [
        -0.7557495743542584,
        -0.6548607339452851,
        0.0,
        0.0
    ],
    [
        0.0,
        0.0,
        1.0,
        0.0
    ],
    [
        -0.654860733945285,
        0.7557495743542583,
        0.0,
        -5.0
    ],
    [
        0.0,
        0.0,
        0.0,
        1.0
    ]
],
"38":[
    [
        -0.7126941713788627,
        -0.7014748877063214,
        0.0,
        0.0
    ],
    [
        0.0,
        0.0,
        1.0,
        0.0
    ],
    [
        -0.7014748877063214,
        0.7126941713788627,
        0.0,
        -5.0
    ],
    [
        0.0,
        0.0,
        0.0,
        1.0
    ]
],
"39":[
    [
        -0.6667690005162917,
        -0.7452644496757547,
        0.0,
        4.440892098500626e-16
    ],
    [
        0.0,
        0.0,
        1.0,
        0.0
    ],
    [
        -0.7452644496757547,
        0.6667690005162917,
        0.0,
        -5.000000000000001
    ],
    [
        0.0,
        0.0,
        0.0,
        1.0
    ]
],
"40":[
    [
        -0.6181589862206052,
        -0.7860530947427876,
        0.0,
        -4.440892098500626e-16
    ],
    [
        0.0,
        0.0,
        1.0,
        0.0
    ],
    [
        -0.7860530947427875,
        0.6181589862206051,
        0.0,
        -5.0
    ],
    [
        0.0,
        0.0,
        0.0,
        1.0
    ]
],
"41":[
    [
        -0.5670598638627709,
        -0.8236765814298327,
        0.0,
        4.440892098500626e-16
    ],
    [
        0.0,
        0.0,
        1.0,
        0.0
    ],
    [
        -0.8236765814298327,
        0.5670598638627709,
        0.0,
        -5.0
    ],
    [
        0.0,
        0.0,
        0.0,
        1.0
    ]
],
"42":[
    [
        -0.5136773915734063,
        -0.8579834132349771,
        0.0,
        0.0
    ],
    [
        0.0,
        0.0,
        1.0,
        0.0
    ],
    [
        -0.8579834132349771,
        0.5136773915734063,
        0.0,
        -5.0
    ],
    [
        0.0,
        0.0,
        0.0,
        1.0
    ]
],
"43":[
    [
        -0.4582265217274105,
        -0.8888354486549235,
        0.0,
        0.0
    ],
    [
        0.0,
        0.0,
        1.0000000000000002,
        0.0
    ],
    [
        -0.8888354486549235,
        0.4582265217274105,
        0.0,
        -5.0
    ],
    [
        0.0,
        0.0,
        0.0,
        1.0
    ]
],
"44":[
    [
        -0.4009305354066136,
        -0.9161084574320697,
        0.0,
        0.0
    ],
    [
        0.0,
        0.0,
        1.0000000000000002,
        0.0
    ],
    [
        -0.9161084574320697,
        0.4009305354066136,
        0.0,
        -5.000000000000001
    ],
    [
        0.0,
        0.0,
        0.0,
        1.0
    ]
],
"45":[
    [
        -0.34202014332566893,
        -0.9396926207859084,
        0.0,
        -2.220446049250313e-16
    ],
    [
        0.0,
        0.0,
        1.0,
        0.0
    ],
    [
        -0.9396926207859083,
        0.3420201433256689,
        0.0,
        -5.0
    ],
    [
        0.0,
        0.0,
        0.0,
        1.0
    ]
],
"46":[
    [
        -0.2817325568414297,
        -0.9594929736144975,
        0.0,
        0.0
    ],
    [
        0.0,
        0.0,
        1.0000000000000002,
        0.0
    ],
    [
        -0.9594929736144975,
        0.2817325568414297,
        0.0,
        -5.0
    ],
    [
        0.0,
        0.0,
        0.0,
        1.0
    ]
],
"47":[
    [
        -0.2203105327865408,
        -0.975429786885407,
        0.0,
        0.0
    ],
    [
        0.0,
        0.0,
        1.0,
        0.0
    ],
    [
        -0.975429786885407,
        0.2203105327865408,
        0.0,
        -5.000000000000001
    ],
    [
        0.0,
        0.0,
        0.0,
        1.0
    ]
],
"48":[
    [
        -0.15800139597334992,
        -0.9874388886763944,
        0.0,
        1.1102230246251565e-16
    ],
    [
        0.0,
        0.0,
        1.0,
        0.0
    ],
    [
        -0.9874388886763944,
        0.15800139597334992,
        0.0,
        -5.0
    ],
    [
        0.0,
        0.0,
        0.0,
        1.0
    ]
],
"49":[
    [
        -0.09505604330418245,
        -0.9954719225730847,
        0.0,
        -5.551115123125783e-17
    ],
    [
        0.0,
        0.0,
        1.0,
        0.0
    ],
    [
        -0.9954719225730846,
        0.09505604330418244,
        0.0,
        -5.0
    ],
    [
        0.0,
        0.0,
        0.0,
        1.0
    ]
],
"50":[
    [
        -0.03172793349806766,
        -0.9994965423831852,
        0.0,
        0.0
    ],
    [
        0.0,
        0.0,
        1.0,
        0.0
    ],
    [
        -0.9994965423831852,
        0.03172793349806766,
        0.0,
        -5.0
    ],
    [
        0.0,
        0.0,
        0.0,
        1.0
    ]
],
"51":[
    [
        0.031727933498067865,
        -0.9994965423831852,
        0.0,
        2.7755575615628914e-17
    ],
    [
        0.0,
        0.0,
        1.0,
        0.0
    ],
    [
        -0.9994965423831852,
        -0.031727933498067865,
        0.0,
        -5.0
    ],
    [
        0.0,
        0.0,
        0.0,
        1.0
    ]
],
"52":[
    [
        0.09505604330418264,
        -0.9954719225730847,
        0.0,
        5.551115123125783e-17
    ],
    [
        0.0,
        0.0,
        1.0,
        0.0
    ],
    [
        -0.9954719225730846,
        -0.09505604330418263,
        0.0,
        -5.0
    ],
    [
        0.0,
        0.0,
        0.0,
        1.0
    ]
],
"53":[
    [
        0.1580013959733501,
        -0.9874388886763944,
        0.0,
        1.1102230246251565e-16
    ],
    [
        0.0,
        0.0,
        1.0000000000000002,
        0.0
    ],
    [
        -0.9874388886763944,
        -0.1580013959733501,
        0.0,
        -5.0
    ],
    [
        0.0,
        0.0,
        0.0,
        1.0
    ]
],
"54":[
    [
        0.22031053278654059,
        -0.975429786885407,
        0.0,
        0.0
    ],
    [
        0.0,
        0.0,
        1.0,
        0.0
    ],
    [
        -0.975429786885407,
        -0.22031053278654059,
        0.0,
        -5.0
    ],
    [
        0.0,
        0.0,
        0.0,
        1.0
    ]
],
"55":[
    [
        0.2817325568414299,
        -0.9594929736144974,
        0.0,
        4.440892098500626e-16
    ],
    [
        0.0,
        0.0,
        1.0,
        0.0
    ],
    [
        -0.9594929736144973,
        -0.28173255684142984,
        0.0,
        -4.999999999999999
    ],
    [
        0.0,
        0.0,
        0.0,
        1.0
    ]
],
"56":[
    [
        0.34202014332566866,
        -0.9396926207859085,
        0.0,
        0.0
    ],
    [
        0.0,
        0.0,
        1.0000000000000002,
        0.0
    ],
    [
        -0.9396926207859085,
        -0.34202014332566866,
        0.0,
        -5.000000000000001
    ],
    [
        0.0,
        0.0,
        0.0,
        1.0
    ]
],
"57":[
    [
        0.4009305354066138,
        -0.9161084574320697,
        0.0,
        0.0
    ],
    [
        0.0,
        0.0,
        1.0000000000000002,
        0.0
    ],
    [
        -0.9161084574320697,
        -0.4009305354066138,
        0.0,
        -5.000000000000002
    ],
    [
        0.0,
        0.0,
        0.0,
        1.0
    ]
],
"58":[
    [
        0.4582265217274103,
        -0.8888354486549235,
        0.0,
        -4.440892098500626e-16
    ],
    [
        0.0,
        0.0,
        1.0,
        0.0
    ],
    [
        -0.8888354486549235,
        -0.4582265217274103,
        0.0,
        -5.0
    ],
    [
        0.0,
        0.0,
        0.0,
        1.0
    ]
],
"59":[
    [
        0.5136773915734064,
        -0.8579834132349771,
        0.0,
        0.0
    ],
    [
        0.0,
        0.0,
        1.0,
        0.0
    ],
    [
        -0.8579834132349771,
        -0.5136773915734064,
        0.0,
        -5.0
    ],
    [
        0.0,
        0.0,
        0.0,
        1.0
    ]
],
"60":[
    [
        0.5670598638627706,
        -0.8236765814298328,
        0.0,
        4.440892098500626e-16
    ],
    [
        0.0,
        0.0,
        1.0,
        0.0
    ],
    [
        -0.8236765814298328,
        -0.5670598638627706,
        0.0,
        -5.0
    ],
    [
        0.0,
        0.0,
        0.0,
        1.0
    ]
],
"61":[
    [
        0.6181589862206053,
        -0.7860530947427874,
        0.0,
        -4.440892098500626e-16
    ],
    [
        0.0,
        0.0,
        1.0,
        0.0
    ],
    [
        -0.7860530947427874,
        -0.6181589862206053,
        0.0,
        -5.0
    ],
    [
        0.0,
        0.0,
        0.0,
        1.0
    ]
],
"62":[
    [
        0.6667690005162915,
        -0.7452644496757548,
        0.0,
        4.440892098500626e-16
    ],
    [
        0.0,
        0.0,
        1.0,
        0.0
    ],
    [
        -0.7452644496757548,
        -0.6667690005162915,
        0.0,
        -5.0
    ],
    [
        0.0,
        0.0,
        0.0,
        1.0
    ]
],
"63":[
    [
        0.7126941713788629,
        -0.7014748877063213,
        0.0,
        -4.440892098500626e-16
    ],
    [
        0.0,
        0.0,
        1.0,
        0.0
    ],
    [
        -0.7014748877063213,
        -0.7126941713788629,
        0.0,
        -5.0
    ],
    [
        0.0,
        0.0,
        0.0,
        1.0
    ]
],
"64":[
    [
        0.7557495743542582,
        -0.6548607339452852,
        0.0,
        0.0
    ],
    [
        0.0,
        0.0,
        1.0,
        0.0
    ],
    [
        -0.6548607339452852,
        -0.7557495743542582,
        0.0,
        -5.0
    ],
    [
        0.0,
        0.0,
        0.0,
        1.0
    ]
],
"65":[
    [
        0.7957618405308322,
        -0.6056096871376667,
        0.0,
        0.0
    ],
    [
        0.0,
        0.0,
        1.0,
        0.0
    ],
    [
        -0.6056096871376666,
        -0.7957618405308321,
        0.0,
        -4.999999999999999
    ],
    [
        0.0,
        0.0,
        0.0,
        1.0
    ]
],
"66":[
    [
        0.8325698546347713,
        -0.5539200638661105,
        0.0,
        -4.440892098500626e-16
    ],
    [
        0.0,
        0.0,
        1.0,
        0.0
    ],
    [
        -0.5539200638661105,
        -0.8325698546347713,
        0.0,
        -5.000000000000001
    ],
    [
        0.0,
        0.0,
        0.0,
        1.0
    ]
],
"67":[
    [
        0.8660254037844389,
        -0.49999999999999967,
        0.0,
        0.0
    ],
    [
        0.0,
        0.0,
        1.0,
        0.0
    ],
    [
        -0.49999999999999967,
        -0.8660254037844389,
        0.0,
        -5.0
    ],
    [
        0.0,
        0.0,
        0.0,
        1.0
    ]
],
"68":[
    [
        0.895993774291336,
        -0.44406661260577396,
        0.0,
        2.220446049250313e-16
    ],
    [
        0.0,
        0.0,
        1.0,
        0.0
    ],
    [
        -0.44406661260577396,
        -0.895993774291336,
        0.0,
        -5.0
    ],
    [
        0.0,
        0.0,
        0.0,
        1.0
    ]
],
"69":[
    [
        0.9223542941045815,
        -0.38634512569312873,
        0.0,
        0.0
    ],
    [
        0.0,
        0.0,
        1.0,
        0.0
    ],
    [
        -0.3863451256931287,
        -0.9223542941045814,
        0.0,
        -5.0
    ],
    [
        0.0,
        0.0,
        0.0,
        1.0
    ]
],
"70":[
    [
        0.9450008187146685,
        -0.32706796331742194,
        0.0,
        0.0
    ],
    [
        0.0,
        0.0,
        1.0,
        0.0
    ],
    [
        -0.32706796331742194,
        -0.9450008187146685,
        0.0,
        -4.999999999999999
    ],
    [
        0.0,
        0.0,
        0.0,
        1.0
    ]
],
"71":[
    [
        0.9638421585599422,
        -0.2664738136900347,
        0.0,
        0.0
    ],
    [
        0.0,
        0.0,
        0.9999999999999999,
        0.0
    ],
    [
        -0.26647381369003464,
        -0.963842158559942,
        0.0,
        -4.999999999999999
    ],
    [
        0.0,
        0.0,
        0.0,
        1.0
    ]
],
"72":[
    [
        0.9788024462147787,
        -0.20480666806519057,
        0.0,
        0.0
    ],
    [
        0.0,
        0.0,
        0.9999999999999999,
        0.0
    ],
    [
        -0.20480666806519054,
        -0.9788024462147786,
        0.0,
        -4.999999999999999
    ],
    [
        0.0,
        0.0,
        0.0,
        1.0
    ]
],
"73":[
    [
        0.9898214418809328,
        -0.14231483827328525,
        0.0,
        0.0
    ],
    [
        0.0,
        0.0,
        1.0000000000000002,
        0.0
    ],
    [
        -0.14231483827328525,
        -0.9898214418809328,
        0.0,
        -5.0
    ],
    [
        0.0,
        0.0,
        0.0,
        1.0
    ]
],
"74":[
    [
        0.9968547759519424,
        -0.0792499568567888,
        0.0,
        0.0
    ],
    [
        0.0,
        0.0,
        1.0,
        0.0
    ],
    [
        -0.07924995685678879,
        -0.9968547759519423,
        0.0,
        -4.999999999999999
    ],
    [
        0.0,
        0.0,
        0.0,
        1.0
    ]
],
"75":[
    [
        0.9998741276738751,
        -0.015865963834807612,
        0.0,
        -1.3877787807814457e-17
    ],
    [
        0.0,
        0.0,
        0.9999999999999999,
        0.0
    ],
    [
        -0.01586596383480761,
        -0.999874127673875,
        0.0,
        -5.0
    ],
    [
        0.0,
        0.0,
        0.0,
        1.0
    ]
],
"76":[
    [
        0.998867339183008,
        0.04758191582374238,
        0.0,
        0.0
    ],
    [
        0.0,
        0.0,
        1.0,
        0.0
    ],
    [
        0.04758191582374238,
        -0.998867339183008,
        0.0,
        -5.0
    ],
    [
        0.0,
        0.0,
        0.0,
        1.0
    ]
],
"77":[
    [
        0.9938384644612542,
        0.1108381999010109,
        0.0,
        1.1102230246251565e-16
    ],
    [
        0.0,
        0.0,
        0.9999999999999999,
        0.0
    ],
    [
        0.11083819990101088,
        -0.993838464461254,
        0.0,
        -4.999999999999999
    ],
    [
        0.0,
        0.0,
        0.0,
        1.0
    ]
],
"78":[
    [
        0.9848077530122081,
        0.17364817766692997,
        0.0,
        0.0
    ],
    [
        0.0,
        0.0,
        1.0,
        0.0
    ],
    [
        0.17364817766692997,
        -0.9848077530122081,
        0.0,
        -5.0
    ],
    [
        0.0,
        0.0,
        0.0,
        1.0
    ]
],
"79":[
    [
        0.9718115683235417,
        0.2357589355094275,
        0.0,
        0.0
    ],
    [
        0.0,
        0.0,
        0.9999999999999999,
        0.0
    ],
    [
        0.23575893550942748,
        -0.9718115683235415,
        0.0,
        -4.999999999999999
    ],
    [
        0.0,
        0.0,
        0.0,
        1.0
    ]
],
"80":[
    [
        0.9549022414440739,
        0.2969203753282749,
        0.0,
        0.0
    ],
    [
        0.0,
        0.0,
        1.0,
        0.0
    ],
    [
        0.2969203753282749,
        -0.9549022414440739,
        0.0,
        -5.0
    ],
    [
        0.0,
        0.0,
        0.0,
        1.0
    ]
],
"81":[
    [
        0.9341478602651069,
        0.3568862215918717,
        0.0,
        -2.220446049250313e-16
    ],
    [
        0.0,
        0.0,
        1.0,
        0.0
    ],
    [
        0.35688622159187167,
        -0.9341478602651068,
        0.0,
        -4.999999999999999
    ],
    [
        0.0,
        0.0,
        0.0,
        1.0
    ]
],
"82":[
    [
        0.9096319953545182,
        0.4154150130018868,
        0.0,
        0.0
    ],
    [
        0.0,
        0.0,
        1.0,
        0.0
    ],
    [
        0.4154150130018868,
        -0.9096319953545182,
        0.0,
        -5.0
    ],
    [
        0.0,
        0.0,
        0.0,
        1.0
    ]
],
"83":[
    [
        0.881453363447582,
        0.4722710747726829,
        0.0,
        0.0
    ],
    [
        0.0,
        0.0,
        1.0,
        0.0
    ],
    [
        0.4722710747726828,
        -0.8814533634475819,
        0.0,
        -5.0
    ],
    [
        0.0,
        0.0,
        0.0,
        1.0
    ]
],
"84":[
    [
        0.8497254299495144,
        0.5272254676105025,
        0.0,
        4.440892098500626e-16
    ],
    [
        0.0,
        0.0,
        1.0,
        0.0
    ],
    [
        0.5272254676105024,
        -0.8497254299495143,
        0.0,
        -4.999999999999999
    ],
    [
        0.0,
        0.0,
        0.0,
        1.0
    ]
],
"85":[
    [
        0.8145759520503358,
        0.580056909571198,
        0.0,
        0.0
    ],
    [
        0.0,
        0.0,
        0.9999999999999999,
        0.0
    ],
    [
        0.5800569095711979,
        -0.8145759520503357,
        0.0,
        -4.999999999999999
    ],
    [
        0.0,
        0.0,
        0.0,
        1.0
    ]
],
"86":[
    [
        0.7761464642917566,
        0.6305526670845228,
        0.0,
        0.0
    ],
    [
        0.0,
        0.0,
        1.0,
        0.0
    ],
    [
        0.6305526670845227,
        -0.7761464642917565,
        0.0,
        -5.0
    ],
    [
        0.0,
        0.0,
        0.0,
        1.0
    ]
],
"87":[
    [
        0.7345917086575332,
        0.6785094115571323,
        0.0,
        0.0
    ],
    [
        0.0,
        0.0,
        1.0,
        0.0
    ],
    [
        0.6785094115571323,
        -0.7345917086575332,
        0.0,
        -5.0
    ],
    [
        0.0,
        0.0,
        0.0,
        1.0
    ]
],
"88":[
    [
        0.690079011482112,
        0.7237340381050701,
        0.0,
        0.0
    ],
    [
        0.0,
        0.0,
        1.0,
        0.0
    ],
    [
        0.7237340381050701,
        -0.690079011482112,
        0.0,
        -5.0
    ],
    [
        0.0,
        0.0,
        0.0,
        1.0
    ]
],
"89":[
    [
        0.6427876096865396,
        0.7660444431189778,
        0.0,
        0.0
    ],
    [
        0.0,
        0.0,
        1.0,
        0.0
    ],
    [
        0.7660444431189778,
        -0.6427876096865396,
        0.0,
        -5.0
    ],
    [
        0.0,
        0.0,
        0.0,
        1.0
    ]
],
"90":[
    [
        0.5929079290546403,
        0.8052702575310589,
        0.0,
        0.0
    ],
    [
        0.0,
        0.0,
        1.0000000000000002,
        0.0
    ],
    [
        0.8052702575310589,
        -0.5929079290546403,
        0.0,
        -5.0
    ],
    [
        0.0,
        0.0,
        0.0,
        1.0
    ]
],
"91":[
    [
        0.5406408174555974,
        0.8412535328311813,
        0.0,
        0.0
    ],
    [
        0.0,
        0.0,
        1.0,
        0.0
    ],
    [
        0.8412535328311813,
        -0.5406408174555974,
        0.0,
        -5.0
    ],
    [
        0.0,
        0.0,
        0.0,
        1.0
    ]
],
"92":[
    [
        0.4861967361004689,
        0.8738493770697849,
        0.0,
        0.0
    ],
    [
        0.0,
        0.0,
        1.0,
        0.0
    ],
    [
        0.8738493770697848,
        -0.4861967361004688,
        0.0,
        -5.0
    ],
    [
        0.0,
        0.0,
        0.0,
        1.0
    ]
],
"93":[
    [
        0.4297949120891719,
        0.9029265382866212,
        0.0,
        0.0
    ],
    [
        0.0,
        0.0,
        1.0,
        0.0
    ],
    [
        0.9029265382866211,
        -0.42979491208917187,
        0.0,
        -4.999999999999999
    ],
    [
        0.0,
        0.0,
        0.0,
        1.0
    ]
],
"94":[
    [
        0.3716624556603273,
        0.9283679330160728,
        0.0,
        0.0
    ],
    [
        0.0,
        0.0,
        1.0,
        0.0
    ],
    [
        0.9283679330160727,
        -0.37166245566032724,
        0.0,
        -4.999999999999999
    ],
    [
        0.0,
        0.0,
        0.0,
        1.0
    ]
],
"95":[
    [
        0.31203344569848707,
        0.9500711177409455,
        0.0,
        0.0
    ],
    [
        0.0,
        0.0,
        1.0000000000000002,
        0.0
    ],
    [
        0.9500711177409455,
        -0.31203344569848707,
        0.0,
        -5.000000000000001
    ],
    [
        0.0,
        0.0,
        0.0,
        1.0
    ]
],
"96":[
    [
        0.2511479871810794,
        0.9679487013963562,
        0.0,
        -2.220446049250313e-16
    ],
    [
        0.0,
        0.0,
        1.0,
        0.0
    ],
    [
        0.9679487013963562,
        -0.2511479871810794,
        0.0,
        -5.000000000000001
    ],
    [
        0.0,
        0.0,
        0.0,
        1.0
    ]
],
"97":[
    [
        0.18925124436040974,
        0.9819286972627068,
        0.0,
        -1.1102230246251565e-16
    ],
    [
        0.0,
        0.0,
        1.0,
        0.0
    ],
    [
        0.9819286972627068,
        -0.18925124436040974,
        0.0,
        -5.0
    ],
    [
        0.0,
        0.0,
        0.0,
        1.0
    ]
],
"98":[
    [
        0.12659245357374904,
        0.9919548128307953,
        0.0,
        0.0
    ],
    [
        0.0,
        0.0,
        1.0,
        0.0
    ],
    [
        0.9919548128307953,
        -0.12659245357374904,
        0.0,
        -5.0
    ],
    [
        0.0,
        0.0,
        0.0,
        1.0
    ]
],
"99":[
    [
        0.06342391965656452,
        0.9979866764718844,
        0.0,
        0.0
    ],
    [
        0.0,
        0.0,
        1.0000000000000002,
        0.0
    ],
    [
        0.9979866764718844,
        -0.06342391965656452,
        0.0,
        -5.000000000000001
    ],
    [
        0.0,
        0.0,
        0.0,
        1.0
    ]
],
"100":[
    [
        2.4492935982947064e-16,
        1.0,
        0.0,
        0.0
    ],
    [
        0.0,
        0.0,
        1.0,
        0.0
    ],
    [
        1.0,
        -2.4492935982947064e-16,
        0.0,
        -5.0
    ],
    [
        0.0,
        0.0,
        0.0,
        1.0
    ]
]
}
